7.231310455140587,0.013686574148931822
6.405071814804041,0.023178599051598334
9.347335496130352,0.0053218124057336945
8.042820835482903,0.019175199905723042
7.375357362671049,0.017879485761271113
8.180091497791507,0.008039519185640397
11.018740071673918,0.026519116459523043
14.098325774198367,0.1351976548744185
13.540866531985573,0.02476202370493838
7.244650166970557,0.023404298666388403
6.6009394665135215,0.03179131179070358
12.578797123544204,0.0559665497465178
7.3919370586383835,0.015270778962842423
16.866015833393746,0.07100163524725868
7.282540892330053,0.00988759011092926
13.483886214590305,0.10563116286759656
6.3323711382067085,0.006186718710736967
6.470854039351283,0.021771616581319608
6.398586899805061,0.008374549370040691
12.198228168135374,0.08845498938722778
8.675512262657932,0.007541269520188836
6.491771909790684,0.006629629567740959
7.235551407763479,0.004747421389979134
7.588764936270861,0.0045546648817946485
7.4617452164104,0.013598545612513167
7.209707779482555,0.008775159433746514
7.753019788062289,0.06261494386799972
6.658598921452404,0.004309810727356775
8.599841922559095,0.020396000302802236
7.02234986214294,0.008740141139640757
6.316431994269703,0.008095070592646787
10.126661294867247,0.032969339000732165
8.884871313822154,0.012620273054767595
9.661431933128032,0.058023611227373886
6.677364845587833,0.005467486811030325
12.326245194017103,0.0415797677096039
17.502983270431155,0.04324872175078525
13.052643154454096,0.03381582176656274
10.190434045382931,0.013433433554923815
6.594380529591198,0.005584390910780593
16.773734606978383,0.010473400636384904
7.118602845907848,0.02376408442425134
6.719683773859179,0.01681273836431958
6.947091466109761,0.005727392581577253
12.548735277020205,0.040477944840200175
6.02582622918059,0.012401944797341037
7.108312757594933,0.013011454677297415
7.03604881164735,0.005093927160441862
8.882636612444845,0.03588900368817918
8.747446253337223,0.006719338215050916
11.30102501789276,0.022788989258507593
7.05092830117557,0.00889925860417098
7.804098220271913,0.004610910894869143
6.870144258677232,0.0060666977280205
5.945524293004096,0.007466363306080763
10.294751422195473,0.02902997815046299
5.666378101315415,0.01872855004563689
7.451593195669191,0.006609643899262151
8.650765549645971,0.0037661447850852107
8.759925870737616,0.05272956637335242
6.43400444144533,0.0350346491665665
6.429827118463116,0.01741116195756487
9.546913897242868,0.025476315345606012
6.512253645270309,0.011154696105802076
8.37525940769494,0.017025726072531482
8.479788887402904,0.023471287732144963
11.263383589650221,0.01538184658552616
6.1089362132616625,0.005826251674353202
8.116253863208401,0.04321428111295605
6.281785017246014,0.008621632286645977
7.079165875474344,0.04331188385600183
11.199510147501726,0.05910259610537171
5.880888190043252,0.009756260297614902
7.895844085689941,0.03155730863548803
7.392784621345787,0.012203052453602078
5.971912086863442,0.007008141359800248
11.008163441219887,0.006356898715845715
8.195318743914628,0.010934990651325577
7.778845011057136,0.02563879830569466
5.478082966401358,0.008542653675707532
6.275470792840155,0.01169576790655585
8.151369794343639,0.011515746097945333
6.604228811210653,0.008299096358436427
6.394913583280191,0.009814752005366868
6.854516283786269,0.0068450986186587
9.90364655119953,0.020385704308247106
5.95147874454119,0.015269084598448768
6.387161153081771,0.013315746941170787
6.727823603554458,0.01805264609539933
7.015939659899951,0.05156898264756407
6.858166767791017,0.004475413161061105
8.281490667912175,0.004441074659855505
8.612916512832221,0.013356909620313911
6.411908863612731,0.032158246213322146
10.3433953192552,0.07240987550597891
7.778014716892033,0.007252497670271372
6.0089462118201356,0.009413522175385946
7.610680010088703,0.005467949166316371
8.22991095951504,0.011288530762849667
6.560469323597945,0.029713855863327202
8.228155141873563,0.09445014246302785
6.57463463077622,0.004263745899353527
10.717240569698403,0.043058947714261456
7.013720254600823,0.05886006974205149
8.19436636100808,0.003027293086664387
7.953905450818116,0.007854215379987291
12.949072888055774,0.07425770665796178
6.408461646508864,0.041416385096303215
10.452530036442573,0.062276766104145814
8.572817018954934,0.026637231994048577
8.66503522329578,0.02304817987709622
11.568571862200852,0.006614287354269953
7.632886501166738,0.012850022745262929
9.646646328560813,0.004982963031608201
10.563088727905818,0.02034658035189588
11.528069413701925,0.11835181442899248
6.965977570782042,0.019755568980986342
17.534673218516147,0.06779750685777021
9.360938963875654,0.047723149372479415
7.965956735224806,0.07481700455191591
7.126941046310694,0.026326343678378723
7.88273162217829,0.06633643961818672
8.276559411260392,0.05736683645624569
8.323635789616358,0.11089783569713883
7.144378379821866,0.014599054138209479
6.140192230753081,0.016675900032171263
6.775101943446718,0.013710828265028044
10.45915804290014,0.05138576605211447
6.077960524310173,0.0064815363636556034
6.623801990583683,0.02387195811753743
8.72677162220139,0.030315518572825904
13.274603165578664,0.07511863207665924
6.2067902928317595,0.0116800304649858
6.882469077947545,0.01686819755596944
6.744600443127169,0.12097697420246123
11.802350477748666,0.03769768663675702
7.865305810549363,0.016922025377786632
11.540157675057424,0.07831144006834409
5.633305166554739,0.005294079726920288
8.042899033766059,0.004582811143044323
11.815535936828011,0.010130620822203463
7.178653911578197,0.010437358918101066
8.30156490665732,0.004806777434326467
9.86658127079457,0.022759325025321322
10.85386394449143,0.005439894565118057
7.719281344321527,0.04503263820024296
7.21139120665882,0.040926071326263413
6.953234601732744,0.00713364121635532
9.386965171991076,0.04736680621177061
7.072622150228408,0.008489378585314317
8.598742629862233,0.024663131148617283
5.908476354620608,0.007312146531566718
7.368007474105292,0.0254403202204405
9.207668047977734,0.013568242119978334
5.73575156350504,0.008367728421329748
6.574024219353992,0.015234033335473868
6.205640234895963,0.00904784786098548
7.1742047651491365,0.02090703306319794
7.388138436845769,0.009872117604646236
7.236779753996943,0.004884607068277391
11.174438267997164,0.014311298319010552
12.43367460933716,0.01597118491710715
12.056217907489453,0.010091003089445097
12.5041490821331,0.04798206748593659
6.7015663773559755,0.03547932024202946
9.550331308814448,0.009934508506802699
8.644768841170608,0.039195481384245376
7.151317012264239,0.013584468713325798
6.423322635953999,0.008915479507481028
7.070409846690236,0.0056691236481544865
6.4176135189091585,0.0186948737257507
5.884039931783923,0.004853998583285146
10.189053685455388,0.022155626773132438
6.310557345041407,0.006842482914886542
8.575248810920696,0.004093475291410243
8.047760701567103,0.0071038048165867505
11.358939655005702,0.007416096326040716
9.697783778880858,0.02988916661138037
9.554708814705851,0.0027319018804021727
8.585041717839305,0.004122317818525026
6.974584364336694,0.01042587666855244
6.804280766842613,0.04937857287794234
8.691686677927406,0.00812980980231556
7.80260432817488,0.027901439993566715
9.8466734050582,0.04964435475637755
6.424766086637293,0.005426624839726431
7.976237398570383,0.04242446517257957
8.44923528452259,0.008750464623775163
8.669377862097317,0.03669444102729311
7.73871951837111,0.009658673015035101
13.345126113388615,0.016274404298886644
6.971381651614536,0.035199847910972235
9.33655620514284,0.011221253361636858
9.222852827404077,0.018224246111467647
8.410352900349645,0.003541422555560364
8.033273208233284,0.00507625244449994
9.096620131661588,0.0040293095160043035
8.548350272849706,0.052273333177615205
13.685073649038145,0.04708523157338277
8.214775941003394,0.08384725819007627
8.177058681278352,0.020045047711161192
9.824312773866588,0.04602926382363549
6.667825392868453,0.00522576758378255
7.291277284053581,0.008540751877501782
12.75633949219869,0.029347292229004392
10.97530230721712,0.013411156904747621
6.45619515265237,0.005406784987171309
7.132727531193634,0.004353101532761589
9.995866368317015,0.06320945707284031
7.576769379988272,0.02691017978025455
6.87414724481857,0.0033556789139039703
8.592494619805299,0.025826670880874578
6.591818295056828,0.006082448903751225
7.64561096957025,0.010062396146125514
11.290334003466489,0.017198966502639027
8.549729751888378,0.019276153044639702
6.698957395059626,0.020157826647375657
9.736071246799867,0.007081233176800745
8.189007349300429,0.007942515789576506
7.070067152601535,0.028585186005868922
6.914107833035912,0.005554821812449338
12.454349473252352,0.019095174848992726
8.487658890783658,0.012468920746975084
11.42579572754103,0.04686825345303691
8.578599312590994,0.006025923770907855
8.22596957247244,0.004055836981723079
8.050313132947863,0.007904201273026927
8.493092566855418,0.1978700303571151
7.170565736405274,0.010774196084256525
8.968811843147252,0.004856812885168787
7.762110096824806,0.017278595344856727
8.847633635763465,0.003507462319050686
8.043510845583299,0.031632138418377045
7.552886370387455,0.011679031660121327
7.184866919454767,0.0066159845551224975
6.0600615788558585,0.010387881284628312
6.524118345022167,0.004663391164275531
7.40472909885114,0.00971889223754924
7.811289067878585,0.004018049395165635
7.527305012595028,0.03694250866917449
6.080078259447124,0.011868175333562308
7.200514657196301,0.029593372319802965
6.630133490247169,0.009296149868572572
6.297895802031994,0.010589168166414215
7.359941319990782,0.13053946274731895
7.168835505921478,0.07045194268461205
11.14533565659413,0.027588094282367595
14.264383184889851,0.012447858148640075
16.50886522506112,0.04758099457721018
7.0107695672113,0.028693251401444613
8.447115030462285,0.0174652220939152
9.871423903460999,0.015371102314804524
8.127267346213037,0.01720320448697521
9.546615049472774,0.04369347145678089
7.813692385461022,0.012518854660504331
10.38049048126574,0.04456154606025395
10.106165580273165,0.007896704246086133
14.326835180491695,0.024662632920101603
0.2255659447031156,0.17555164881140475
6.9179561195198,0.022627630955837842
11.732712202361562,0.059122019938426945
8.861045764105443,0.10114540178530107
6.471006073872355,0.019353317976033284
7.753117630812411,0.01017492454967544
10.619200979853076,0.0525381657588581
11.017851897684945,0.007861056465696627
9.774961657205068,0.03103728959203146
6.043629940458911,0.005589116323885649
5.806589340964303,0.006710620111213766
8.984528793181829,0.04047032550018787
7.640085080744857,0.011722040055259106
7.99425256071219,0.018858879732210343
6.089614460491932,0.0062748316398986235
8.4665766198688,0.006014060522137734
9.887824646710069,0.002618655129551768
7.820140286001228,0.056175518382274574
11.691775304135488,0.010252195435196136
5.854990690253392,0.00713374967552665
7.237319724467904,0.02046945893560802
12.360617887478861,0.03512820793594426
6.659983491683964,0.013409707283244376
9.857787062491239,0.0680412024954607
7.197269529063589,0.009122202418610195
11.448739507598694,0.057799305063689854
8.364235599614213,0.05407289896715535
12.534093015261655,0.06311419176095562
12.412366300527022,0.009760690072612497
6.7979926697460344,0.005375304909488408
6.859823599764334,0.011319506093916989
7.845678265881711,0.0780465836675416
8.126609846254897,0.009940305021075088
9.012988424441952,0.011456951381840502
6.776012910638079,0.032007074441999996
6.133590201461008,0.03450952221899305
8.235179796305303,0.005502997327641415
6.219646080943853,0.005268978325245506
11.884004404030078,0.033554108283668255
6.545624428873107,0.007373665141529238
5.164510078849447,0.01948769206524958
6.035702251970733,0.01253227828329776
7.1686241112613915,0.008893514693255458
6.187739173884473,0.006777774359181473
6.837366513407158,0.008760794876288551
6.157130901910038,0.007047189137749821
6.659438781446612,0.012443581449858816
7.767699620886776,0.0053520528494336705
6.887399540506355,0.005636720711347078
6.823238771567455,0.010092060429473144
8.168847166417406,0.006511880872861152
7.540123171006101,0.008294341598362247
6.592765377612231,0.10058841497263216
6.4294358309088615,0.011396576823397911
7.617898641701149,0.007314277468465503
6.101184903698943,0.0055147601640569595
6.5955679466909105,0.0047954883465232195
13.618274467753434,0.06438196959550424
8.138268754321919,0.004032627191803152
13.088531237770539,0.09017651373792056
5.895884658057154,0.004868968265666338
6.404000262456627,0.00818776001962409
6.317927845780682,0.004949370473925534
6.893969446816169,0.0058079286770450385
9.417279812843173,0.005677451934452571
7.163077640465129,0.01023000184826662
7.833629201090868,0.01430441101021622
9.264818313477079,0.007619037381619558
15.990275327318292,0.024321037044987948
9.292391180309364,0.004320713990203025
6.823347958377304,0.0593622171672555
7.5546101345217975,0.0045069200300060725
7.999490910764326,0.004387875832994634
8.882451739257787,0.009690482082602992
8.075165302951907,0.003626383364076854
6.759556659208327,0.01771049516577642
14.7225830389578,0.03324524675645298
7.422229162581312,0.007887540698027159
6.596115273598721,0.008262782368696209
8.02672173263643,0.0037938100108586945
6.873965410825367,0.018756353392830247
11.511239725893235,0.14708374728390766
7.193667998650656,0.029910592029329216
6.817847240083488,0.15371689202713995
7.558680361475944,0.018250771481882175
8.952302145144552,0.17052436779303123
6.127949107569696,0.007097424423091486
8.414380881381748,0.026600323147923693
7.685696954341386,0.004057774815430938
7.861143276229466,0.0030081601904824633
7.892352221209315,0.013303049232107324
11.621874996398185,0.015008571644951486
6.792711133993133,0.006099893411085909
6.213364655729049,0.0333554922980265
7.404450718264746,0.01962106788811768
8.314153382890222,0.04277694156611121
9.368201069866739,0.013471819815325194
7.721604419783492,0.008131175988971024
6.757928320547564,0.006590269093422851
6.901003749529698,0.00799572482727948
6.65543818829454,0.015619535725631703
6.595432109810344,0.0099577138501133
6.555479916620974,0.009089717078508608
6.911293262612251,0.039991921006724926
6.816190964422311,0.07276032954923459
6.298989172968206,0.0058474298087501375
6.19683964737939,0.006066440312701949
7.165248437676529,0.014522902849373779
7.249298707611502,0.025711700160336474
5.767973995093589,0.021784016388251837
6.280265098272004,0.08235202082618709
5.905422068669032,0.006237530154791322
6.589312067013185,0.0172627373444577
6.194102453313809,0.006045389105993764
6.884328731573895,0.007892208380727423
10.968792096103737,0.0340212394770879
6.1538899256082304,0.004139192861490998
6.096424007063284,0.008693521084877304
6.568773586360523,0.01234654343280497
7.110756298652433,0.006465316409311592
6.9880965756072255,0.01051018278937459
6.7149809030910665,0.00735268405428866
6.706696869863354,0.005640714749389735
5.9442766526896875,0.006294479068433998
9.596392378435791,0.005259374270001623
5.869982758278125,0.011511570032819163
6.135994344605638,0.006175531246832705
7.3055236116874385,0.014838368619975957
7.936844321246064,0.050066169721492464
8.118525454752394,0.011839159752590377
6.225362913404906,0.033427595439929236
7.314789867241216,0.003979894159432784
7.213648353398394,0.004048205626985675
6.491614579541049,0.014410965724499222
17.282008127409245,0.051741390171843836
6.7654273777185425,0.029138605377007173
7.07466899509218,0.007610954326102042
7.06144518868813,0.004739847563065143
8.5761651312135,0.008080917519992676
9.207651880403432,0.01928619816570405
6.406200926387762,0.023824046821503034
7.464942150902064,0.004124021477672596
7.6540240807411655,0.004060214887953698
8.87282409038515,0.01941770663208643
7.9448208833935325,0.023484388584556756
5.890374532477929,0.012685493348302445
6.808393517952737,0.013751567695112783
6.892644430712281,0.013573275985935891
6.257106995201099,0.008225724789230615
7.483454041164147,0.008626254706867507
7.58615183189745,0.03240000225630157
6.553391350384161,0.006657731326716733
6.2024536406045945,0.005630985132817269
7.890379654515257,0.015463184614818945
6.329033618498924,0.04222800994926977
6.5059893495576055,0.030375688133306655
6.004195426004111,0.015304010723406545
9.839498625408135,0.005527251539447292
8.464717737624166,0.011712641800029159
6.223792067193268,0.005903269218013064
6.015225974775601,0.011372630723734838
7.0131307823165825,0.006153136330997548
6.800683038561981,0.0075693695320338756
7.821633532771797,0.009227107524419197
6.53001212463,0.03329504809023784
6.342037950802313,0.03221311764395417
7.663251073867151,0.005951933808559902
7.162869189314773,0.012721071426539525
6.185872389214369,0.00808886689232899
10.633501415069995,0.005741578516875187
14.493290660213155,0.04352984917386436
9.703514388280023,0.019567538569103426
6.518520849460365,0.006496345008665043
7.639175701312076,0.020548537612021283
7.967279007280448,0.007116198129533764
6.739549243889434,0.005108018252179219
6.23845006055244,0.005428456894186751
11.447526743698266,0.0032000876158447527
6.833389984935465,0.006141586495764336
6.23929034627588,0.022701433631458063
7.072962627030622,0.0057501345110395055
6.328037268610767,0.004827728228771091
6.4043911382819765,0.007854107000184811
7.734435907369241,0.004974828478236306
6.959243675336173,0.013121015372096336
7.972902913436284,0.015219800918595917
6.781957436362281,0.0049808907211701635
6.868106816908997,0.0047006914248292455
6.783903013993509,0.005303501664765335
7.490942557554575,0.00920760436046597
13.387390111068157,0.03658902695314713
5.05904532595246,0.03050269441474464
5.784764981717553,0.0065854310605712426
