0.000642403,0.00556096,3759.02,0.000380851,0.00599389,2979.41,0.00188083,0.00500742,443.025,0.00129767,0.00218699,761.884
0.000423632,0.00564244,2292.65,0.000671747,0.00615895,2587.86,0.00221874,0.00536761,1454.49,0.00168092,0.00228395,1456.81
0.000551037,0.0057243,2925.35,0.000600533,0.00582327,2656.64,0.00181454,0.00515875,253.679,0.00151577,0.00223543,769.137
0.000469964,0.00572852,1536.63,0.000745708,0.00580018,1829.84,0.00213436,0.00485592,1249.58,0.00139227,0.00220252,1204.15
0.000352612,0.00552311,4145.72,0.000414101,0.00599267,3522.38,0.00173619,0.00482468,406.666,0.0012577,0.00219459,1279.23
0.000134904,0.0054936,3155.96,0.000306637,0.0057066,3642.87,0.00151238,0.00488698,1409.8,0.00131064,0.0021389,1828.95
0.00130411,0.00572353,10402.8,0.000428043,0.0059399,8121.45,0.00137392,0.00467166,1017.93,0.00145885,0.00194645,1853.99
0.000253116,0.00559406,1689.11,5.59403e-05,0.00589307,1880.3,0.00172768,0.00500588,1329.52,0.00126183,0.00218618,1205.21
0.00173521,0.00574763,11110.4,0.00150658,0.00591665,10506.4,0.00169735,0.00593676,820.649,0.00180355,0.00252361,2926.37
0.00524416,0.00548858,66918.8,0.00578688,0.00563842,64552.3,0.00374638,0.00495779,23282.9,0.00265243,0.00222891,28424.3
0.00197759,0.00572411,14015.5,0.00169408,0.00630515,14131.7,0.00199253,0.00504115,6219.39,0.0016535,0.00225837,7356.57
0.000660019,0.00577983,3837.06,0.000740724,0.00607245,4644.39,0.00207804,0.00433912,2447.42,0.00147592,0.00185737,3016.59
0.000991142,0.0055512,6882.12,0.000971616,0.00569006,6095.69,0.00197702,0.00483942,602.542,0.0014013,0.00216961,1788.05
0.00112876,0.00557628,4660.47,0.00108797,0.00592866,4266.58,0.00168973,0.00475156,538.301,0.00145547,0.00209998,1699.62
0.00212219,0.00573911,27223.0,0.00184071,0.00640338,25091.7,0.00206649,0.00488375,7094.34,0.00189381,0.002292,11062.9
0.000247515,0.00537624,2730.53,0.000101359,0.00590378,3131.09,0.00200904,0.00483436,1287.62,0.0015929,0.00224165,1525.74
0.00455533,0.00657921,50924.7,0.00481647,0.00704289,46519.0,0.00282812,0.0049471,13938.2,0.00237562,0.00243386,22615.8
1.96583e-05,0.0055905,1731.42,5.99027e-05,0.00595623,2276.73,0.00155521,0.00496155,2019.35,0.00142739,0.00240609,1604.22
0.00435745,0.00561637,58716.1,0.00471232,0.00647647,52111.1,0.00283686,0.0041868,18096.6,0.00240968,0.00191378,26261.1
0.00012596,0.00542305,768.974,7.76238e-05,0.00618698,786.612,0.00218981,0.00507514,748.57,0.00127686,0.00225074,572.466
0.000796077,0.00549598,3086.4,0.000409239,0.00603503,2435.45,0.00162803,0.00514962,171.503,0.00127886,0.00233032,543.917
0.000578329,0.00558956,1058.33,0.000315712,0.00573102,826.587,0.00176549,0.00511517,440.221,0.00138179,0.00228626,378.459
0.00299513,0.00578769,38952.9,0.00242057,0.00592056,38864.7,0.0025176,0.00503201,8963.86,0.00179097,0.00238944,15294.7
0.000598513,0.00557653,1793.52,0.000379708,0.00608398,1528.3,0.0019975,0.00495151,683.52,0.00133361,0.00230545,626.812
0.000708448,0.00551932,881.84,0.000930686,0.00610484,720.468,0.00207887,0.0041478,263.205,0.00137046,0.00174915,430.415
-3.05274e-05,0.0055197,729.795,-0.000290142,0.00583585,842.389,0.00161969,0.00499524,510.841,0.00127979,0.00229257,521.514
0.000676906,0.0055249,878.581,0.000783264,0.00604505,847.865,0.0019895,0.00434844,615.887,0.00139917,0.00183754,619.44
0.000290265,0.00534437,2611.64,1.8496e-05,0.0058045,2924.78,0.00174442,0.00494047,1714.26,0.00134075,0.00232294,1756.77
0.000180891,0.0055245,1553.85,0.000317682,0.00570272,1658.0,0.00180922,0.0044736,888.029,0.00139976,0.0020463,1002.99
0.00145018,0.0058392,12671.7,0.00130808,0.00608173,11886.2,0.00173314,0.00439206,2692.17,0.00137638,0.00188967,3559.19
0.000228545,0.00561756,618.667,0.00021449,0.00593448,751.183,0.00166525,0.00477211,436.332,0.00121284,0.00211307,507.53
0.000454795,0.00542851,5010.73,0.000124879,0.00565615,5478.87,0.00224031,0.00500009,2307.07,0.001405,0.00237096,2495.04
0.00111021,0.00566656,1409.08,0.00116447,0.0058273,1022.6,0.00165054,0.00456392,445.472,0.00143442,0.00196917,394.408
-2.49715e-05,0.00542001,1029.58,-0.000252314,0.00586997,929.839,0.00189414,0.00528603,586.274,0.00134419,0.00212052,417.861
0.0022218,0.00573146,10595.5,0.00165516,0.00620946,8873.02,0.00164636,0.00470567,1041.04,0.00156527,0.00207848,2288.1
0.00230077,0.00578981,3626.05,0.00174547,0.00589916,2914.02,0.00160266,0.00465824,435.768,0.00151586,0.00205711,882.174
0.00227619,0.00561657,18094.2,0.00197,0.00584616,17319.0,0.00191673,0.0045145,2267.61,0.001634,0.0019938,6925.86
-7.3171e-05,0.00538355,755.187,-0.000363744,0.00581932,834.04,0.00155354,0.00485956,625.276,0.00131724,0.00216522,601.025
0.00202775,0.00594825,19555.4,0.00217101,0.00624642,19218.9,0.00197468,0.00524725,4838.35,0.0015599,0.00216728,8750.22
0.00528844,0.00551833,36360.3,0.00478088,0.00610134,34803.4,0.00263938,0.00486632,7168.63,0.00213789,0.00220667,16124.7
0.00204447,0.00562859,18761.1,0.00248895,0.00634762,15493.8,0.0020394,0.00409996,2577.04,0.00170185,0.0018158,4320.19
0.00246929,0.0056416,4300.54,0.00236478,0.00581094,3111.23,0.00241088,0.00477325,293.69,0.00183617,0.00212225,781.444
8.24185e-05,0.00549967,739.861,4.96762e-05,0.00611013,807.14,0.00148564,0.00487518,501.503,0.00150326,0.00227979,468.977
0.00181771,0.0055474,9384.04,0.00145723,0.00618985,8257.4,0.00230013,0.00509653,1175.01,0.0016031,0.00218538,3352.6
0.000420069,0.00554764,3885.22,0.000633799,0.00584331,4052.08,0.00184614,0.00471731,2895.9,0.00134777,0.0021506,2454.04
0.000222242,0.00578765,2249.58,8.90223e-05,0.00601412,2366.88,0.00124788,0.00473087,1124.15,0.0012767,0.0021455,1279.55
0.000184807,0.00513641,951.908,-4.47425e-05,0.00559491,1051.83,0.00178496,0.00486446,1011.5,0.0012614,0.00207981,921.805
0.00252553,0.00578078,20800.3,0.00257624,0.00586877,20916.5,0.00207912,0.00491548,5851.58,0.00178435,0.00225065,9574.83
0.000686828,0.00568018,1391.11,0.000266903,0.00618112,1273.91,0.00143983,0.00503634,285.06,0.00145671,0.00217981,407.202
0.00106705,0.00601862,1989.97,0.000855876,0.00629234,2086.31,0.00163763,0.00486919,591.111,0.00159401,0.00208014,1016.96
3.75468e-06,0.00555529,774.434,0.000466433,0.00588749,859.373,0.0015794,0.00441877,557.963,0.00152263,0.00192433,609.129
0.00142899,0.00561286,9339.29,0.001446,0.00607774,8662.79,0.0019555,0.00545345,1035.16,0.00160548,0.00225278,3387.59
0.0016614,0.00591574,1704.38,0.00182346,0.00643451,1689.66,0.00185497,0.00499002,851.288,0.00166964,0.00216267,1079.08
0.00231799,0.00626659,8077.47,0.00216697,0.00660508,8056.35,0.0016766,0.00491017,1829.64,0.00170351,0.00215602,3968.0
0.000489159,0.00533736,1486.19,0.000361602,0.00568437,572.41,0.00170483,0.00486056,122.504,0.00144932,0.00211805,202.474
0.000298158,0.0055739,894.217,0.000342516,0.00589719,947.98,0.00202718,0.00473346,518.527,0.00139042,0.00208285,402.83
0.000336017,0.00540973,914.343,-0.00033936,0.00577142,960.932,0.00164391,0.00436546,343.387,0.00126117,0.00178362,628.975
0.00058129,0.00564385,808.42,0.000495565,0.00610172,1119.48,0.00240136,0.00516544,1307.52,0.00146877,0.00211838,1052.79
0.00127533,0.00574544,10310.3,0.00082938,0.00618625,8936.95,0.00165634,0.00480076,853.511,0.00127775,0.0021837,1979.41
0.000884744,0.00594184,1804.25,0.000387509,0.00591131,1518.93,0.00162528,0.00471891,131.064,0.00121083,0.002156,320.856
0.000764718,0.00555413,4760.27,0.000626335,0.00566586,4716.63,0.00159931,0.0052202,541.221,0.00160184,0.00230922,1439.39
0.00163782,0.00559413,1252.34,0.00213839,0.00583897,1256.3,0.00207205,0.00418199,652.227,0.00171751,0.001851,858.657
4.97091e-06,0.00532957,828.334,-1.52447e-05,0.00559924,797.424,0.00213124,0.00503767,421.918,0.00151062,0.00210372,511.347
0.00118416,0.0055559,14539.6,0.00109151,0.00579489,14400.6,0.00182376,0.00468471,3365.62,0.0016756,0.00208111,6449.58
0.000324059,0.00584013,4559.79,0.000711488,0.00615464,4145.73,0.0021001,0.00511376,332.596,0.00153722,0.00219352,1157.32
0.000344196,0.00566731,2246.53,0.000586775,0.00595392,2023.61,0.00135035,0.00454972,324.018,0.00154026,0.00192462,942.497
0.00220563,0.00581583,7493.45,0.00136016,0.00605869,6315.3,0.00156134,0.00509193,1386.09,0.00155643,0.00225859,1749.94
0.00106946,0.00560849,1470.89,0.000809461,0.00577842,1708.39,0.00249922,0.00408861,1241.86,0.00184653,0.00178805,1076.44
0.0037609,0.00586468,3333.47,0.00376693,0.00608607,3306.45,0.00257509,0.00488606,761.298,0.00230424,0.00219813,1472.04
0.000591488,0.00552778,5719.57,0.000479019,0.00576426,5342.91,0.00229934,0.00510522,984.424,0.00159088,0.00208756,2161.95
0.00263405,0.0058354,5426.15,0.00219301,0.00646927,4411.37,0.00373582,0.00483698,1630.85,0.00226384,0.00201515,1504.2
0.000185879,0.00526692,676.27,0.0001264,0.00545146,779.755,0.00166037,0.00502236,349.335,0.00144627,0.00216891,273.44
0.00110257,0.00503438,10740.5,0.000941104,0.00543038,10220.9,0.0026853,0.0046477,2783.92,0.00161574,0.0018929,4805.12
3.26528e-05,0.00545238,1122.69,-2.33086e-05,0.00560199,976.454,0.00156129,0.00491803,585.122,0.00125773,0.00216111,447.692
0.000732153,0.00568086,7063.28,0.000898311,0.00649665,7344.34,0.0021731,0.00543992,6191.32,0.00149841,0.00226183,4525.56
0.0014719,0.00577462,23105.6,0.00111445,0.00617479,22105.9,0.00176383,0.00496397,5629.42,0.00164938,0.00216332,9300.79
-0.000255501,0.00533445,1076.31,-0.000181642,0.00555074,1414.97,0.00181662,0.004438,1176.95,0.00133562,0.00196142,895.447
0.00137309,0.00577702,6382.14,0.00128053,0.00589737,5301.83,0.00178084,0.00478442,468.968,0.00149597,0.00214135,990.73
0.000857926,0.00544369,2135.42,0.000714025,0.00592305,2286.06,0.00204708,0.00516339,1120.38,0.00150224,0.00223207,1209.9
0.000543476,0.00563823,837.324,0.000485614,0.00605252,812.585,0.00241881,0.00479414,554.346,0.00132037,0.0020357,375.854
0.00278358,0.00560091,2271.88,0.00345803,0.00641469,2195.65,0.00300371,0.00494314,971.268,0.00228097,0.00226171,1282.23
0.000843847,0.00563267,2454.69,0.000755451,0.0061773,2097.9,0.00236391,0.00483759,2050.87,0.00136704,0.00209888,1138.1
0.000770579,0.00596833,4780.37,0.00108092,0.00636269,4022.16,0.00177692,0.00490991,438.723,0.00143982,0.00217691,1126.38
-0.000193951,0.00532042,834.094,4.62431e-05,0.00566744,795.629,0.00190449,0.0044763,967.92,0.00137249,0.00195879,500.69
0.000712284,0.00555766,1484.98,0.000845027,0.00595315,1523.39,0.00171175,0.00512918,886.836,0.00158943,0.00220023,917.485
0.000305947,0.0055119,2530.21,0.000707757,0.00575582,2927.04,0.00197593,0.00482675,1551.95,0.00141389,0.00216648,1677.07
2.5354e-05,0.0051918,1204.06,0.000373003,0.00551187,1365.27,0.00123474,0.005077,575.541,0.0016278,0.00218908,713.238
-1.44945e-05,0.00583898,1196.01,0.000276415,0.00581674,1442.61,0.00211336,0.00472267,1011.5,0.00129162,0.00205289,636.096
0.000432458,0.0056049,940.706,0.000377371,0.00588335,1205.65,0.00147752,0.00526123,1079.65,0.00128737,0.0022313,811.492
0.00150101,0.00554086,6487.49,0.000949069,0.00597634,7225.49,0.00171472,0.00500512,4171.04,0.00175012,0.00223106,3859.33
-9.42347e-07,0.00544181,1806.36,-0.000270615,0.00583349,1510.05,0.00176942,0.00511559,444.085,0.00128294,0.00238052,548.965
0.000527364,0.00553985,1759.79,0.000587842,0.00588369,1759.38,0.00204682,0.00515631,815.191,0.00125338,0.00234013,852.43
0.000337123,0.00562002,2593.51,-9.63287e-05,0.00567542,1949.58,0.00121256,0.00496628,115.507,0.00113825,0.00215985,391.872
0.000887374,0.00562452,8571.21,0.000731133,0.00620669,7866.16,0.00222789,0.00521031,1257.18,0.00153527,0.00227135,3374.63
0.000977634,0.00576411,673.543,0.000930511,0.0061433,714.865,0.00168996,0.00512757,395.16,0.00156694,0.00221426,478.464
-0.000210567,0.00535528,737.016,0.000171768,0.00564373,888.788,0.00153603,0.00480208,806.904,0.0013221,0.00218735,597.685
0.000185427,0.00493123,3565.21,6.55401e-05,0.00521523,4238.75,0.00156161,0.00508782,1765.96,0.00131295,0.00215675,2149.88
0.000884405,0.00489552,4985.13,0.000797813,0.00515311,4612.74,0.00189757,0.00524511,487.985,0.00134916,0.00216018,821.73
0.0015923,0.00574749,24523.3,0.00151052,0.00610219,22802.4,0.00189164,0.00456107,4323.42,0.00157146,0.00198731,10119.3
-5.69596e-05,0.00528258,1458.19,0.00011006,0.00559376,1370.46,0.00186617,0.00505553,304.613,0.00130783,0.00225052,553.328
4.75419e-05,0.00554407,1346.03,-6.72225e-05,0.00582069,1547.76,0.00167205,0.00465091,818.571,0.00140316,0.002063,912.658
0.000257321,0.00579624,989.247,0.000425601,0.00591729,717.623,0.00182216,0.00465746,555.407,0.00144104,0.00207012,422.648
-9.04836e-05,0.00562592,935.719,0.000154909,0.00590376,1226.83,0.00118912,0.00497231,732.397,0.0014347,0.00211776,865.135
0.0008823,0.00594109,2367.83,0.000523879,0.00603063,2984.31,0.00226971,0.00479268,2307.7,0.00173848,0.00206684,1843.4
0.0010324,0.00592799,4099.45,-2.15878e-05,0.00656345,3939.38,0.00178918,0.00491906,3970.84,0.00131283,0.00215948,2189.78
0.00121215,0.00584819,20673.7,0.0013355,0.00599626,19336.2,0.00252098,0.00441683,3514.1,0.0016152,0.00199541,8090.25
0.000117917,0.00578475,526.612,0.00073743,0.00606277,822.04,0.00256389,0.00512999,936.968,0.0014283,0.00212932,469.5
0.00114621,0.00559006,16392.6,0.000910183,0.00618927,14943.5,0.00138461,0.00528233,4520.68,0.00165852,0.00218815,6606.29
0.000904712,0.00568229,4711.33,0.000345715,0.00588683,2659.41,0.000990484,0.00527756,291.153,0.00143984,0.00234218,531.396
0.00124184,0.00575368,9947.31,0.0013751,0.00614286,9309.12,0.00215053,0.0048896,1887.64,0.001492,0.00223175,4096.37
8.46645e-05,0.00560611,579.635,-0.000159707,0.00594253,640.623,0.00158333,0.00486616,522.249,0.0012888,0.00217209,430.129
0.0011455,0.00588831,1600.44,0.00104112,0.00604729,1822.0,0.00179579,0.0049747,1036.33,0.00154425,0.00216176,1098.04
0.00438091,0.00603323,34706.0,0.00407898,0.00607379,34112.9,0.00268944,0.00479997,6921.49,0.00213767,0.00215651,15028.2
0.000816514,0.00516,6252.9,0.00027275,0.00553472,3172.14,0.00153518,0.00416712,391.221,0.0015341,0.00178236,725.004
0.00253174,0.0060735,20513.6,0.00211686,0.00608549,21642.2,0.00208242,0.00486692,7579.73,0.00168587,0.00218243,10469.4
0.00142011,0.00581437,6870.92,0.00140689,0.00609747,6039.23,0.00174637,0.00506246,666.791,0.00158727,0.00212179,2021.79
0.000490713,0.00576164,5894.54,0.00085202,0.00610706,6340.41,0.00195908,0.00493958,2770.91,0.00155308,0.00216057,3302.54
0.000502445,0.00577648,2726.26,0.000559449,0.00608411,2617.93,0.00218143,0.00506092,705.435,0.0013784,0.00216286,1354.75
0.000810456,0.00523987,2592.22,0.00118039,0.00548049,3042.45,0.00274344,0.0049977,1110.21,0.0015123,0.00221495,1291.66
0.00133775,0.00559146,1443.95,0.00134395,0.00611218,1631.21,0.00288678,0.00565638,1248.76,0.00169678,0.0021287,1087.81
0.00115608,0.00569399,7679.96,0.000754202,0.00600137,6443.45,0.00185363,0.00501809,1272.25,0.00165327,0.00209352,2147.52
0.000462502,0.00564109,1577.97,0.00029144,0.00638863,1258.19,0.00155979,0.00495019,226.787,0.00138509,0.00212269,468.421
0.00391987,0.00577133,47344.6,0.00357911,0.0061329,44742.5,0.00253708,0.00401691,9757.51,0.00218753,0.00179023,19993.2
0.0010679,0.00593901,3183.82,0.000989954,0.00626407,2858.77,0.00175774,0.00507736,287.1,0.00134806,0.00213898,645.801
0.00494869,0.00569897,55607.3,0.00509311,0.00571415,52637.1,0.0022463,0.00478161,11204.5,0.00225007,0.00216615,22574.4
0.00264875,0.00604266,10803.8,0.00187763,0.00673067,9113.6,0.00302024,0.00488941,1374.54,0.00157764,0.00207867,3189.93
0.00120812,0.00573654,13614.8,0.00106115,0.00600481,12990.5,0.0025371,0.00515257,2077.26,0.00156279,0.00222644,5279.07
0.00227496,0.00564803,16022.7,0.0020491,0.00590981,15252.1,0.00197156,0.00488581,2005.69,0.00156122,0.00212348,6138.73
0.00213309,0.00499198,10657.7,0.00238412,0.00556047,10276.2,0.00263123,0.00510715,2317.34,0.00184435,0.00219146,4278.77
0.000457327,0.00561725,4393.35,0.000581562,0.00589927,3993.58,0.00140083,0.00490167,606.951,0.00155462,0.00210245,1477.02
0.00231311,0.0058294,11931.6,0.00192163,0.0059852,10862.1,0.0017497,0.00494368,1236.38,0.00146794,0.0021766,3412.69
0.00152166,0.00574622,14447.4,0.00138754,0.00635312,12755.6,0.00192942,0.00467975,2456.72,0.00147658,0.00207255,5755.75
0.00227365,0.00558246,14577.4,0.00230922,0.00612299,13145.5,0.000950954,0.00533136,2116.56,0.00180381,0.00235138,5451.3
0.00319369,0.0057111,23875.8,0.00340184,0.00604094,22667.7,0.00283555,0.00502945,6737.01,0.00206693,0.00212126,10597.1
0.00050543,0.00443045,3072.09,0.000564241,0.00456108,3529.57,0.00181388,0.00450953,1228.73,0.0016591,0.00185784,1566.82
0.000174374,0.00568961,1969.74,0.000132272,0.00596321,2048.43,0.0020255,0.00442952,1581.34,0.00146314,0.00192426,1356.65
-7.01704e-05,0.00539187,2031.13,-3.4178e-05,0.00583903,1864.32,0.00176868,0.00585217,253.442,0.00149462,0.00240866,456.393
0.00290673,0.00523788,17899.7,0.00266574,0.00550892,16789.5,0.00205818,0.0048247,3418.81,0.00165838,0.0022434,6698.7
-0.000418149,0.00579877,682.178,4.76003e-05,0.00599179,785.195,0.00187845,0.00498651,590.464,0.0015076,0.00212075,526.722
0.000764682,0.00547976,3625.25,0.000471546,0.00562984,3186.39,0.00163323,0.00487063,252.944,0.00135246,0.002156,776.484
0.00183065,0.00556877,7645.43,0.00156123,0.00612119,5927.97,0.00121928,0.00456169,451.978,0.00155305,0.0019472,1469.84
0.0021581,0.0055521,42963.2,0.00179806,0.00596777,39703.7,0.00196715,0.00495699,6140.74,0.00187816,0.00213802,15603.8
0.000338429,0.00546789,1511.78,0.00027383,0.005886,1498.81,0.0016375,0.00495655,1026.96,0.00141349,0.0021739,939.353
0.000213523,0.0055489,2635.06,0.00031382,0.00604078,2873.84,0.00189537,0.00596402,870.253,0.0016989,0.00249182,1232.5
0.00141594,0.00558899,18567.2,0.00138797,0.00601326,17329.1,0.00146173,0.00515269,3077.4,0.00168779,0.0021681,7315.26
0.00219761,0.00579689,16193.3,0.00175314,0.00583426,15887.7,0.00190683,0.00486384,2243.49,0.00153218,0.00217197,6544.79
0.000611935,0.00578639,3354.92,0.000291896,0.00603057,2751.6,0.00105938,0.00544219,191.147,0.00153851,0.00229508,637.548
0.00304274,0.00615574,30933.7,0.00276312,0.00607346,30682.5,0.0021373,0.00502977,5138.26,0.00193716,0.00224401,12211.2
1.68744e-05,0.00796884,370.764,0.00067625,0.00849834,638.155,0.00132125,0.0046147,906.278,0.00150918,0.00197127,455.432
7.68645e-05,0.0123334,352.784,2.11239e-06,0.00824603,731.015,0.00127042,0.00504086,685.024,0.00127088,0.0021174,684.67
0.000512026,0.00440639,5829.75,0.000562958,0.00486421,4634.61,0.00156929,0.00516963,740.178,0.00131556,0.00217809,1483.95
0.00108792,0.00404312,2373.29,0.000793927,0.0042043,2275.73,0.00203942,0.00518775,792.504,0.00135824,0.00212762,973.93
5.53918e-05,0.00720607,799.348,0.000465586,0.00784597,576.806,0.00121826,0.00568295,615.773,0.00151497,0.00239608,391.488
0.00219292,0.0042864,9705.09,0.00165229,0.00442117,9135.54,0.00201611,0.00496612,761.848,0.00139825,0.00209409,2072.52
0.00110316,0.00382033,2822.06,0.00113258,0.00414764,3147.35,0.00147599,0.00511405,944.502,0.00135678,0.00217342,1307.21
0.00205517,0.0169003,3124.83,0.00352037,0.01679,3378.6,0.00296165,0.00563622,3713.46,0.00168759,0.0022985,4226.4
0.0021301,0.00801895,5477.19,0.00315089,0.00930651,4687.47,0.0024708,0.004465,1080.15,0.00166217,0.00187318,3083.23
0.000502406,0.00393114,1496.49,0.00045408,0.00398681,1662.07,0.00120362,0.00501803,1043.71,0.00111361,0.00215573,647.947
0.00295076,0.00370654,20602.1,0.00290747,0.00376273,20732.7,0.00230082,0.00410827,4214.17,0.00181705,0.00188284,7640.87
0.000851561,0.00390624,1968.56,0.00074981,0.00401588,2412.82,0.0022236,0.00501008,1666.52,0.00126889,0.00224661,1210.28
0.00213984,0.00384079,8076.02,0.00226151,0.00388465,8417.66,0.00217107,0.00420163,2054.64,0.00167519,0.00190097,3395.78
0.00031721,0.00553921,827.596,0.000528643,0.00555541,828.69,0.00198326,0.00432792,1455.41,0.00139816,0.00180837,650.371
0.00740507,0.0937752,318.688,0.00994952,0.14837,188.62,0.00166396,0.00485176,934.791,0.00147513,0.00220002,1549.37
0.00149324,0.00369277,5566.13,0.00144027,0.00405875,5366.6,0.00162785,0.00510125,1057.03,0.00132047,0.00219206,2055.55
0.00031811,0.00414764,1134.51,0.000179824,0.00430764,1364.61,0.00142259,0.00506078,724.974,0.00134192,0.00226224,614.274
0.000676442,0.00524697,2275.76,0.000557487,0.00551167,2436.97,0.00166369,0.00458323,1389.14,0.00152032,0.00194154,1373.82
0.000172708,0.00420989,1470.98,0.00019933,0.00433632,1794.45,0.00163603,0.00497428,1178.87,0.00128034,0.0021963,956.663
0.00189415,0.0047488,3952.17,0.00216496,0.00459858,3943.7,0.00195902,0.00401934,536.891,0.00158603,0.00175693,1360.21
0.000811152,0.00363486,2632.55,0.000622797,0.0037883,2801.04,0.00165101,0.00417938,1124.91,0.00127485,0.00188937,839.066
0.000931271,0.00377143,1129.94,0.00075209,0.00366396,1407.77,0.00170316,0.00448569,680.956,0.0011104,0.0020227,661.491
0.00140653,0.00459766,6644.15,0.00136981,0.00489857,6392.19,0.0019592,0.0049606,1049.44,0.0014104,0.00222252,2427.22
0.00150868,0.00454746,9404.04,0.00171061,0.00468384,9557.77,0.00190311,0.00482977,1998.18,0.00146563,0.00224149,3628.17
0.00153594,0.00402775,6815.43,0.00154424,0.00413105,5132.29,0.00174035,0.00473789,1038.31,0.0014727,0.00205803,1321.86
0.00224878,0.0037214,36700.1,0.0019748,0.00382338,35140.6,0.00200617,0.00477299,4504.69,0.00172502,0.00205139,9911.33
0.0014554,0.0039719,7353.39,0.00158238,0.00426214,7017.9,0.00234568,0.00417242,1320.14,0.00156962,0.00178874,2632.87
0.00126939,0.0037244,4243.4,0.00100018,0.00371956,4864.52,0.00177314,0.00422218,1588.13,0.00131144,0.00185913,2067.15
0.00121216,0.00458583,11879.5,0.00130597,0.00464345,11146.9,0.00198409,0.00476055,1365.59,0.00145299,0.0020249,3460.68
0.00157671,0.00466507,2822.32,0.00162206,0.00471727,2493.86,0.0023818,0.00508512,741.717,0.00175424,0.00218073,1005.85
0.000556237,0.00390484,1675.01,0.000217571,0.00412565,1663.69,0.00159956,0.00509588,657.451,0.00108546,0.00217581,727.566
0.0004837,0.00450384,1024.83,0.000562379,0.00469597,382.827,0.00200175,0.00508719,88.1046,0.00128721,0.00221105,158.386
0.000674825,0.00357007,1449.58,0.000862029,0.00377234,1576.37,0.0015543,0.00492841,711.854,0.0012786,0.00223132,495.374
0.000995346,0.00483738,2968.32,0.000985399,0.00480898,2939.67,0.00189775,0.00500857,2483.24,0.00133066,0.00215171,1410.46
0.00158872,0.00485147,617.473,0.00152631,0.00501271,636.02,0.00210742,0.00495344,332.673,0.00143816,0.00218016,332.113
0.00339522,0.00435852,9114.51,0.00371423,0.00483259,9249.15,0.00367413,0.00364629,3984.89,0.00214558,0.00155229,4902.75
0.000533301,0.00472412,1065.62,0.000691909,0.00472468,1251.26,0.00154076,0.00485523,594.206,0.00112368,0.00211419,691.147
0.00021837,0.00413123,1193.12,0.000303942,0.00416519,1318.01,0.00150642,0.00491299,603.276,0.00132005,0.00217823,639.835
0.000155971,0.00427735,1865.29,-3.37186e-05,0.00439062,1934.39,0.00150834,0.00505571,887.524,0.00130468,0.00219126,612.867
0.00346323,0.00473874,3467.36,0.00365353,0.00486664,3412.17,0.00237392,0.00492486,652.982,0.00181351,0.00208556,1662.35
0.00196407,0.00363203,14106.2,0.00174566,0.00371468,14810.4,0.00188341,0.00486973,5798.9,0.00128694,0.00222933,5047.68
0.000909853,0.00366789,1072.01,0.000685867,0.00376211,1343.69,0.00250528,0.00444724,867.193,0.00175836,0.00195076,651.793
0.000308092,0.00456334,1118.17,0.000194702,0.00468377,1208.83,0.00127762,0.00490787,698.52,0.001037,0.00210951,679.427
0.000654079,0.00424532,2177.08,0.000915711,0.00456512,2469.31,0.00182937,0.00500313,872.152,0.0012866,0.00226765,1206.55
0.00112208,0.00441733,9720.65,0.00127505,0.00460243,9179.25,0.00194312,0.00448681,1398.24,0.00152851,0.00187947,3382.41
-1.61925e-06,0.0042484,2623.66,0.000288806,0.00432057,2996.95,0.00169904,0.00517839,1512.94,0.00110287,0.00228612,1290.68
0.00522732,0.0801214,407.404,0.107416,0.853867,34.4698,0.00206369,0.00510716,452.344,0.00163805,0.00211814,1497.16
0.00187263,0.00458825,18913.3,0.00167002,0.00482104,17058.9,0.0015089,0.00493,1563.51,0.00146685,0.00212319,5544.81
0.00100776,0.0053917,722.255,0.00113306,0.005594,950.772,0.00224489,0.00496126,638.785,0.00131896,0.00217994,387.212
0.000696351,0.00439131,11531.5,0.000700094,0.0044658,13790.1,0.00199036,0.00496414,9941.99,0.00119016,0.0021936,6888.67
0.0011097,0.00696595,1556.57,0.00216528,0.00809601,1013.2,0.00258898,0.00504143,246.175,0.001531,0.00218544,598.64
0.00097157,0.00443395,11824.8,0.000730451,0.00435838,11651.0,0.0012502,0.00474099,1045.9,0.00109472,0.00210812,3641.67
0.00150761,0.00419277,2680.0,0.00116379,0.00451436,2907.59,0.00185639,0.00513451,1495.97,0.00133214,0.00223397,1396.9
0.0020477,0.00492083,11066.1,0.00167334,0.00490779,10625.7,0.00171149,0.00636989,861.772,0.00157435,0.00269326,2628.36
0.00138133,0.0043196,7021.09,0.00123732,0.00461617,8403.41,0.00147558,0.00484705,3663.31,0.00147788,0.00216801,3793.18
0.00179068,0.004585,3735.35,0.00170801,0.00461397,3225.91,0.00154614,0.00502563,223.617,0.00134877,0.00220919,596.376
0.000970754,0.00436042,6627.96,0.0012501,0.00451758,7450.12,0.00217982,0.00502187,3408.14,0.00144497,0.00221173,3265.16
0.00089769,0.00344777,1197.51,0.000697776,0.00367815,1400.42,0.00170127,0.00535784,547.664,0.00138536,0.00233887,543.148
0.000151202,0.00439235,1292.09,0.000387406,0.00460113,1437.69,0.00165149,0.00499537,660.12,0.00141868,0.0021396,685.202
0.000694502,0.00448167,1279.75,0.000841692,0.00467607,1395.46,0.000977619,0.00501103,412.136,0.00140304,0.00216845,701.382
0.00157661,0.00455597,15033.3,0.001722,0.00452932,14426.2,0.0014538,0.00495096,1458.98,0.00146396,0.00215032,4831.13
0.00477869,0.00442606,33001.1,0.00527826,0.00478174,30410.8,0.00211577,0.0047486,8588.99,0.00204372,0.00219045,14437.4
0.00270945,0.00459001,22501.1,0.00292381,0.00493625,20998.0,0.00198363,0.00509048,4626.35,0.00174627,0.00224763,8339.42
0.000904491,0.00438704,5644.04,0.000910635,0.0046389,6098.25,0.00213085,0.00413289,1782.29,0.00141973,0.00185843,2677.53
0.00263433,0.00440858,6182.23,0.00229084,0.00440334,4935.21,0.00240835,0.00462701,503.817,0.00129969,0.00204147,1049.48
0.00167596,0.00465543,18087.2,0.00167187,0.00450549,16545.0,0.00215096,0.00427205,1568.12,0.00127572,0.00192738,3169.84
0.000642291,0.0035831,1128.7,0.000696703,0.00377926,1249.98,0.00145474,0.00486963,440.659,0.00135104,0.00221451,533.581
0.000751263,0.00440803,1766.72,0.000663017,0.00469634,2425.35,0.00203837,0.00501847,1171.91,0.0013422,0.00216124,831.172
0.00150011,0.00446175,18498.6,0.00147276,0.00491519,16696.7,0.00212806,0.00493796,2461.16,0.00166958,0.00216814,5871.35
0.00148938,0.00459142,6731.47,0.00146346,0.00475393,6128.1,0.00173913,0.00495014,665.494,0.00137725,0.00220023,1973.25
0.00171637,0.00405075,7779.37,0.00137047,0.0041034,7081.24,0.00142442,0.00484808,604.816,0.00130385,0.00215016,1879.09
0.0010545,0.00400352,1039.23,0.000931654,0.00410766,1140.34,0.00179832,0.00497628,518.259,0.00131882,0.00219796,522.749
0.00364524,0.00381012,44646.3,0.00345414,0.00370567,42825.2,0.00239921,0.0042114,3763.3,0.00187719,0.00202446,11611.7
0.000597145,0.00376501,1067.1,0.00045314,0.00398365,1232.48,0.00172956,0.00498491,612.047,0.00139934,0.00225473,601.83
0.00362004,0.00383214,28140.5,0.00383479,0.00430581,25318.3,0.00228442,0.00522821,4736.91,0.00183866,0.00232422,9420.91
0.00108637,0.00411649,6885.73,0.000863101,0.0040188,5914.09,0.0014249,0.00452387,334.734,0.0012912,0.00195452,930.114
0.0007896,0.00438461,649.047,0.000689806,0.00434563,906.555,0.00132942,0.00495648,490.288,0.00147849,0.00213436,435.281
0.000464213,0.00436538,1311.89,0.000584003,0.00451898,1402.18,0.00129289,0.00545602,321.598,0.00119293,0.00236266,553.1
0.00106178,0.00385281,9021.55,0.000728965,0.00390785,8340.93,0.00165392,0.00458466,1272.5,0.001284,0.00204021,1600.47
0.00146169,0.00472555,1003.59,0.00118102,0.00469286,1264.79,0.00193476,0.00501101,655.205,0.00138681,0.00223014,568.34
0.000385662,0.00343762,3211.08,0.000276076,0.00351537,4054.91,0.00149329,0.00498926,1582.86,0.00111341,0.00215469,1726.19
0.00196748,0.00456823,8535.72,0.0015891,0.0046219,7487.9,0.00164781,0.00489778,601.347,0.00137986,0.00213559,1429.13
0.000754557,0.00346047,7597.86,0.00107986,0.00354912,7606.36,0.00208115,0.0051922,1354.86,0.00143517,0.00230933,2113.09
0.000199878,0.00437027,3718.38,0.000217395,0.00436854,3376.29,0.00113094,0.00496208,294.113,0.00132982,0.00215815,1001.13
0.00110957,0.00442195,3010.92,0.00112501,0.004528,4471.7,0.00219709,0.00502783,3291.12,0.00123035,0.00229303,1701.57
0.00251039,0.00448396,2014.46,0.00285513,0.00468466,2127.78,0.00265367,0.0050168,1130.43,0.00179062,0.00215872,1152.52
0.00122948,0.00455489,5876.42,0.00149016,0.00479067,5611.62,0.00119235,0.00569783,487.872,0.0011778,0.00223188,1760.36
0.001569,0.00370708,1207.35,0.00185793,0.00416414,862.16,0.0024929,0.00561427,488.486,0.00169856,0.0025532,325.557
0.00158996,0.00468751,5619.46,0.00123188,0.00474228,4768.58,0.00175416,0.00425908,511.713,0.00136266,0.00183435,1047.87
0.00188728,0.00456491,10840.2,0.00169273,0.0045687,8523.72,0.00164704,0.00413397,511.291,0.00133176,0.00177644,1510.27
0.000954106,0.00356873,4666.81,0.000738478,0.00370866,5075.03,0.00136198,0.00498226,1669.96,0.00129449,0.00222021,1337.03
0.0033013,0.00484803,23028.5,0.00319117,0.00460603,22634.9,0.00139631,0.00470545,1720.07,0.00153421,0.00215248,6368.4
0.000477628,0.00382955,1573.55,0.000405468,0.00394973,842.43,0.00162636,0.00498594,99.161,0.00116756,0.002283,191.95
0.000765381,0.00423859,2019.35,0.000524915,0.00441073,1775.2,0.00252328,0.00421558,1204.42,0.00144003,0.00179276,983.083
0.000184841,0.00435738,1100.61,0.000264171,0.00452048,755.799,0.00163887,0.00616162,93.2035,0.00115,0.002619,196.764
0.00131086,0.00483535,2076.65,0.00106257,0.00478549,1743.73,0.0020863,0.00502169,274.788,0.00144312,0.00217396,485.221
0.00294625,0.00452176,55819.1,0.00264618,0.00459771,54911.3,0.00250997,0.0043577,17974.2,0.0018654,0.00202436,21541.0
0.000728533,0.00429064,2236.96,0.000669851,0.00437526,2109.86,0.00201252,0.00504068,303.393,0.00129161,0.00232871,657.754
0.00224835,0.00379329,2178.95,0.00223643,0.00368981,2293.09,0.00183205,0.00521131,614.091,0.00160542,0.00240572,861.82
0.00102715,0.00437914,4341.03,0.00130011,0.00432669,4562.91,0.0021912,0.00485483,866.637,0.00149218,0.0022785,1493.52
0.00017995,0.00409251,1052.53,0.000306502,0.00409298,1155.39,0.00145266,0.00514836,220.841,0.00125582,0.00234668,405.744
0.00129874,0.00430367,8418.13,0.00137544,0.00450442,7490.72,0.00246501,0.00453509,744.12,0.00151165,0.0019956,2087.8
0.000803642,0.00449863,2731.6,0.0010888,0.00467035,2646.81,0.001767,0.00650098,764.285,0.00126413,0.0027578,885.549
0.000144192,0.00434858,1348.02,0.000223476,0.00442461,1457.8,0.00154414,0.00411336,506.095,0.00118436,0.00182696,492.881
0.000255295,0.00434753,1552.54,0.000338491,0.00463947,1628.98,0.00180176,0.0038784,990.961,0.00128578,0.00167164,814.776
8.54884e-05,0.00435205,819.287,8.15072e-05,0.00437445,710.526,0.000979902,0.0050521,457.034,0.00121829,0.00242061,292.952
0.000488839,0.00386042,2617.08,0.000147912,0.00411236,2980.17,0.00213947,0.00579016,905.14,0.00166878,0.00261021,1020.62
0.00127148,0.00458279,815.775,0.00145752,0.00483253,946.798,0.0020277,0.00503118,579.248,0.00133927,0.00220844,547.408
0.000951594,0.00390407,9950.58,0.000957543,0.0041009,10161.6,0.0028577,0.00767903,1675.56,0.00198033,0.00360895,1613.37
0.000304754,0.00402325,1894.96,0.000105882,0.0042463,1992.21,0.00069052,0.00502762,632.045,0.00108674,0.00231279,882.812
0.00161698,0.00480119,5982.88,0.00161405,0.00472822,4778.88,0.00155123,0.00495324,250.989,0.00116667,0.00217514,799.995
0.000441957,0.00448926,1610.44,0.000535748,0.00482626,1541.76,0.00230877,0.00458354,640.212,0.00130587,0.00205614,665.278
0.00131594,0.00404012,1105.57,0.0013054,0.00414652,1098.81,0.00167669,0.00508802,112.747,0.00145991,0.00227523,262.676
0.000494856,0.00685018,1021.97,0.000393877,0.00766917,1106.74,0.00246206,0.00649732,609.786,0.00142913,0.00276582,693.128
0.00231662,0.00396815,16572.2,0.00200912,0.00410185,15227.7,0.00161342,0.00511743,930.555,0.00150407,0.0022712,2912.18
0.00210034,0.00375174,35272.5,0.00181269,0.00363007,36809.4,0.00192906,0.00511303,5732.01,0.00166965,0.00232742,9993.97
0.00143682,0.00447655,15262.8,0.00177109,0.00454976,15768.1,0.00154395,0.00488,4849.97,0.00158675,0.00225017,5983.73
0.00269127,0.00463445,12369.6,0.00265232,0.0048796,10173.3,0.00196096,0.00480125,608.91,0.00137838,0.00219642,1783.03
0.00217219,0.00382275,11452.9,0.00259599,0.00402025,10641.1,0.00159027,0.00532584,1612.43,0.00161048,0.0023402,3620.41
0.0024362,0.00515911,578.318,0.002012,0.00516973,701.989,0.0,0.0,nan,0.0,0.0,nan
0.00323758,0.0045446,45700.0,0.0032806,0.00472282,48000.8,0.00244582,0.00511232,18185.0,0.00166989,0.00239676,19599.6
0.00378987,0.00521858,4401.79,0.00325786,0.00533451,4233.96,0.0,0.0,nan,0.0,0.0,nan
0.00514628,0.00585431,5389.43,0.00523304,0.00589444,5056.3,0.0,0.0,nan,0.0,0.0,nan
0.00131299,0.00378018,6568.56,0.00140144,0.00381685,6563.92,0.00149167,0.00510171,859.221,0.00118954,0.00236931,1937.64
0.00131436,0.00359386,6542.69,0.00179085,0.0039013,7955.41,0.00223491,0.00485789,3333.74,0.00170033,0.00224673,3265.98
0.000650863,0.00454612,4269.25,0.000645189,0.00449145,2746.98,0.00145441,0.00508735,330.622,0.00122054,0.00232102,484.335
0.00102812,0.00493068,5596.33,0.00132947,0.00471162,5979.15,0.00108426,0.00438909,709.092,0.00140975,0.00200846,2093.08
0.000427203,0.00451222,4671.37,0.00116504,0.00449661,2981.48,0.0019959,0.00485062,789.338,0.00130274,0.00213559,817.992
0.00111972,0.00462754,15798.4,0.000862236,0.00446053,17158.4,0.00180141,0.00505659,3126.18,0.00136762,0.00226911,5894.02
0.000502321,0.00464149,3111.63,0.000853367,0.00449469,2219.5,0.00173593,0.0049836,598.108,0.00127817,0.00228985,601.623
0.00206226,0.00442421,20673.8,0.00192617,0.00450763,20373.5,0.00219969,0.00659692,2628.88,0.00181939,0.00285977,5817.02
0.000468402,0.00390322,3647.32,0.00105822,0.00417424,4108.43,0.00152858,0.00515687,1862.45,0.00117903,0.00238668,1728.67
0.0028619,0.00442941,18230.2,0.00223694,0.00454835,17991.9,0.00175429,0.00645628,1293.3,0.00131795,0.00282483,3179.56
0.000749939,0.00441652,7785.25,0.000533764,0.00464815,7691.28,0.00161758,0.00837624,859.676,0.00142985,0.00356768,1978.38
0.000806901,0.00456314,4421.82,0.000538972,0.00459807,4107.96,0.0014233,0.00479344,785.578,0.00125859,0.00210603,963.865
0.00328293,0.00433313,29617.4,0.00293302,0.00419528,29510.6,0.00143762,0.00495369,3435.89,0.0017188,0.00239037,8667.87
0.00160399,0.00409198,35648.5,0.00145394,0.00423643,34202.1,0.00229257,0.00415322,7366.96,0.00175543,0.00180169,11860.9
0.000803418,0.00412551,3540.63,0.000987554,0.00434487,3159.25,0.00113558,0.00510451,198.548,0.00135857,0.00231204,585.692
0.000535703,0.00380258,3080.49,0.000785316,0.00403329,2555.17,0.00160917,0.00485921,459.07,0.00141172,0.00213677,829.17
0.00261979,0.00451353,23633.7,0.00265859,0.00491071,22657.2,0.0019628,0.00499823,3200.45,0.0016196,0.00211818,8238.29
0.000899132,0.00740199,1827.31,0.000335506,0.00801843,1841.26,0.0,0.0,nan,0.0,0.0,nan
0.000593165,0.00429071,3949.74,0.000744616,0.00436438,3733.49,0.00135702,0.00497682,465.114,0.00123488,0.00230477,738.102
0.00198813,0.00444841,13993.7,0.00178747,0.0043246,13104.1,0.00156777,0.00509316,849.714,0.00134028,0.00234177,2638.28
0.00042542,0.00393127,915.44,0.000811911,0.00427588,794.551,0.00170839,0.00474848,577.234,0.00138962,0.00213516,294.082
0.000266631,0.00446582,907.872,0.000512657,0.00470925,985.552,0.00154878,0.00632161,605.896,0.00123185,0.00282727,323.06
0.00284342,0.0039884,16147.6,0.00326764,0.00427708,14565.5,0.00200454,0.00434052,2649.04,0.00184484,0.00195219,5708.08
0.00231657,0.00420909,3076.24,0.00276601,0.00438809,3046.87,0.0018809,0.0049751,730.856,0.00169968,0.00220443,1270.65
0.000862348,0.00392359,5689.5,0.00124469,0.00405403,6134.86,0.00171273,0.00474423,2444.98,0.00150347,0.00212232,2426.94
0.000166571,0.00431768,902.787,0.000266537,0.00444733,1346.53,0.00130956,0.00636447,516.71,0.0011837,0.00280506,688.125
0.00220319,0.0046327,1529.17,0.00242813,0.00488712,1641.44,0.00231359,0.00482846,784.827,0.0018377,0.00219492,825.144
0.000874591,0.00451605,926.695,0.000915379,0.00478451,798.64,0.0019484,0.00509682,231.548,0.00135996,0.0022347,394.805
0.00467853,0.00889236,6442.42,0.00598219,0.00914445,6564.71,0.00611506,0.00602958,2405.81,0.00337053,0.0026898,3120.4
0.00152075,0.00445928,5773.58,0.00154744,0.00464072,5294.15,0.00134933,0.00500635,844.348,0.00146957,0.00236606,1502.35
0.000449604,0.00444334,994.716,0.000596467,0.00462039,881.65,0.00164064,0.00477028,553.365,0.00133592,0.00210398,427.382
0.000527686,0.0044055,4439.33,0.000599637,0.00445402,3998.4,0.00166253,0.00489826,3376.95,0.00152905,0.00216799,1710.45
0.00173542,0.00422629,23513.9,0.00199733,0.00440831,21190.5,0.00120195,0.00510668,1597.73,0.00134129,0.00237615,5660.04
0.000399176,0.00391043,2735.74,0.00085248,0.00406158,2732.42,0.00150798,0.00425357,1838.18,0.00140995,0.00187617,1121.62
0.00135976,0.00405329,29960.4,0.00157955,0.00436188,27303.1,0.00167006,0.00410421,4494.0,0.00170899,0.00177977,9187.21
0.00534268,0.00739776,22781.4,0.00492651,0.00742544,23158.5,0.0,0.0,nan,0.0,0.0,nan
0.0042989,0.00702667,6002.21,0.00413067,0.00765744,5696.09,0.0,0.0,nan,0.0,0.0,nan
0.000591166,0.00481887,1727.23,0.000847667,0.00523852,1577.94,0.00211221,0.00526749,687.774,0.00132432,0.00240203,489.415
0.00357477,0.00511878,25249.4,0.00395837,0.00519018,23007.1,0.00180209,0.00517641,3716.01,0.00166773,0.00239939,8819.81
0.00114217,0.00461593,15346.4,0.00125105,0.00485644,16039.2,0.00155506,0.00503896,8357.01,0.00164166,0.00218858,7322.73
0.00241313,0.00370079,45706.9,0.00236643,0.00383384,45876.5,0.00182017,0.00480658,9038.03,0.00160466,0.00217592,14386.0
0.00135605,0.00482596,6008.86,0.0013433,0.00485716,5452.93,0.00153928,0.00477153,1072.18,0.00150123,0.00213065,1477.09
0.000798344,0.00445093,937.23,0.000804497,0.00469135,1135.68,0.00167687,0.00494638,476.219,0.00174491,0.00215168,506.77
0.00061182,0.00415977,2333.72,0.000980878,0.0043743,2498.41,0.00150486,0.00460851,1176.03,0.00141444,0.00207284,1250.01
0.00121643,0.00572601,9733.47,0.00138391,0.00547712,10357.1,0.0,0.0,nan,0.0,0.0,nan
0.00113679,0.00565543,2991.74,0.00139499,0.00525458,3207.65,0.0,0.0,nan,0.0,0.0,nan
0.0024467,0.00469679,17513.4,0.00222013,0.0047299,19534.7,0.00190813,0.00486941,11356.1,0.00193143,0.00215196,8856.05
0.00097988,0.00532921,5076.35,0.00046777,0.0053503,4775.64,0.0,0.0,nan,0.0,0.0,nan
0.000542806,0.00361715,3609.06,0.000804085,0.00376343,3435.67,0.00164568,0.00495035,471.188,0.00146704,0.00214568,934.592
0.00151703,0.00612425,2728.36,0.00238132,0.00618249,1832.82,0.00162913,0.0048414,169.793,0.00124815,0.00214896,415.726
0.00189199,0.00720016,4823.99,0.00158534,0.00753404,4634.12,0.0,0.0,nan,0.0,0.0,nan
0.00110488,0.00369728,7456.01,0.000732688,0.00382221,7041.03,0.00177112,0.00504659,509.716,0.00142067,0.0022256,1693.58
0.000634138,0.00444508,5087.93,0.000654902,0.00477205,4565.18,0.000862584,0.0047934,333.795,0.0012527,0.00209245,781.362
0.00234365,0.00555943,1275.34,0.0029809,0.00581672,1249.94,0.00184376,0.00485057,330.711,0.00177486,0.00212065,636.367
0.00320494,0.00611692,570.259,0.00377162,0.0063502,628.981,0.00227785,0.00494614,232.812,0.00201231,0.00218378,325.032
0.00335427,0.00464547,17656.4,0.00323442,0.0047965,16108.9,0.00193012,0.00491578,1904.25,0.00163793,0.00223261,5426.34
0.000756294,0.00367921,1502.48,-0.000220237,0.00398838,1505.07,0.00156307,0.00490588,754.781,0.00140509,0.00218646,498.572
0.00036987,0.00424645,1962.72,0.000401185,0.0043254,2322.82,0.00166797,0.00490272,585.571,0.00130423,0.00222593,976.83
0.00408907,0.00513844,31956.3,0.00432862,0.00531258,30122.1,0.0,0.0,nan,0.0,0.0,nan
0.000877358,0.0081816,899.898,0.000898273,0.00753392,1155.55,0.0022391,0.00810002,486.365,0.00172126,0.00345552,584.716
0.00131531,0.00468035,1771.81,0.00131771,0.00486617,1646.42,0.00160867,0.00493647,514.699,0.00148856,0.00227369,490.552
0.00143247,0.00487656,905.316,0.00173619,0.00528899,1257.33,0.00165911,0.0050288,958.637,0.00161668,0.00229571,466.739
0.000182635,0.00768627,942.431,0.000514634,0.00841067,1040.57,0.00208996,0.00540887,1082.9,0.00126763,0.00218072,1022.58
0.000391807,0.00352804,1243.76,0.000510328,0.00383102,1458.3,0.00127042,0.00504086,685.024,0.00127088,0.0021174,684.67
0.000571854,0.00576943,1673.61,0.00067279,0.00631486,1766.56,0.00256802,0.0082921,505.137,0.00157647,0.00368464,662.771
0.000506248,0.00357501,1598.8,0.000432246,0.00359893,1270.12,0.00121826,0.00568295,615.773,0.00151497,0.00239608,391.488
0.000675792,0.00738123,634.51,8.41459e-05,0.00799447,523.281,0.00161318,0.00492748,161.51,0.00124959,0.00217796,217.711
0.000523873,0.00276795,3099.95,0.000599201,0.00277931,2830.63,0.000939638,0.00547019,181.295,0.0012637,0.00234875,359.34
0.000401914,0.00321374,2376.34,0.000280047,0.00338038,2673.32,0.00199194,0.00496967,1135.06,0.00120305,0.00218937,1059.77
0.00101375,0.00746722,1083.3,0.000722621,0.00842818,836.564,0.00129213,0.00490641,138.574,0.00128203,0.00219383,254.406
0.00153258,0.00584138,13801.0,0.00137415,0.00612114,13602.7,0.00184371,0.004676,1576.56,0.00182278,0.00199937,4997.74
0.000347778,0.00563645,2294.44,0.00029922,0.005968,1538.31,0.00190209,0.00524688,2048.46,0.00167983,0.00226998,1051.48
0.000203328,0.0074664,1133.82,0.000188732,0.00822442,954.062,0.00119331,0.00534857,746.064,0.00126095,0.00241205,494.788
0.00139356,0.00809343,926.95,0.000759066,0.00887966,713.477,0.00141853,0.00503803,179.827,0.00153487,0.00222128,289.391
-0.000307305,0.00610905,563.53,-0.000236498,0.00644169,643.992,0.00090649,0.0051593,539.494,0.00138098,0.00213303,476.163
0.00157082,0.00580184,4125.85,0.0016224,0.00611977,3709.59,0.00173742,0.00506464,428.217,0.00163352,0.00218751,1217.97
0.000269058,0.00571816,680.79,0.000548041,0.00605372,652.232,0.00226867,0.00458698,564.724,0.00147183,0.00193468,365.714
0.000588377,0.00627118,820.498,0.000307169,0.00707338,680.117,0.0,0.0,nan,0.0,0.0,nan
0.00193613,0.00608952,5111.6,0.00262192,0.00660686,4494.03,0.00301575,0.00585099,1339.59,0.00182367,0.00230124,2009.08
0.0030576,0.00572915,35035.3,0.00263887,0.00614932,35012.1,0.00215974,0.00514662,10876.5,0.00198321,0.0021754,16191.7
0.000384304,0.00557189,726.041,7.83226e-05,0.0060156,853.077,0.000945742,0.00505532,1070.55,0.00115662,0.00216371,658.86
0.00344362,0.00590559,43032.1,0.00295415,0.00560215,43044.6,0.00234303,0.005423,8099.32,0.0018059,0.00230675,16458.0
0.000254429,0.0059725,493.385,0.000155729,0.00642053,353.25,0.00110864,0.00499751,459.138,0.00105161,0.00218154,273.348
0.000577627,0.00330658,1850.45,0.000620314,0.00370372,1391.24,0.00119517,0.0048695,637.687,0.00107226,0.00214501,443.174
0.00045667,0.00327216,1030.97,0.000449433,0.00370575,1114.55,0.00122564,0.00480711,722.39,0.00115291,0.00216856,491.39
6.95831e-05,0.00756715,641.296,0.000119012,0.00823224,259.982,0.00232069,0.00498928,159.341,0.00153921,0.00211765,193.168
0.00244142,0.00557394,1408.11,0.00229732,0.0054916,1666.3,0.0031399,0.00518417,928.175,0.00191815,0.00217455,928.365
0.00129266,0.00592404,1568.85,0.00131798,0.0058123,1624.82,0.00150628,0.00455173,700.35,0.00166597,0.00196243,598.558
0.00144631,0.00365003,4809.81,0.0018148,0.00402685,4206.63,0.00184135,0.00485525,2067.61,0.00174239,0.0021795,1884.28
0.000795508,0.00300313,4083.97,0.000949942,0.00316873,2878.72,0.00157446,0.00500611,199.473,0.001287,0.00220662,467.169
0.000784039,0.00742698,591.101,0.000713431,0.00830865,496.38,0.0,0.0,nan,0.0,0.0,nan
0.00472146,0.00619902,16244.8,0.00391664,0.00663234,15226.5,0.00249879,0.00531774,2221.12,0.00207827,0.00233399,5161.33
0.00163139,0.00430717,8856.23,0.00161722,0.00448884,7220.37,0.00253089,0.00528491,1032.77,0.00177834,0.00229389,1632.97
0.000735975,0.00659407,2936.04,0.000723081,0.00783431,2779.26,0.0,0.0,nan,0.0,0.0,nan
0.00166297,0.00426051,1537.7,0.00176215,0.00427999,1838.67,0.00243036,0.00520804,1175.41,0.00175347,0.00224749,884.407
0.00161987,0.00592764,8297.2,0.00161849,0.00605693,8602.15,0.0016731,0.0051774,1399.13,0.00140328,0.00230836,3851.5
0.00110274,0.00503351,960.685,0.0014774,0.00506914,1009.94,0.00171988,0.00494164,403.371,0.00134329,0.00214556,538.925
0.000296375,0.00382518,1279.36,0.000420368,0.003984,1421.45,0.00127762,0.00490787,698.52,0.001037,0.00210951,679.427
0.000174168,0.00496867,2775.74,-7.78624e-05,0.00512466,3233.68,0.00196736,0.00485585,1896.05,0.00137564,0.00214892,1754.86
0.000679526,0.00504585,735.101,0.000497636,0.00534326,824.352,0.00191731,0.00505346,552.132,0.00120303,0.00207773,543.372
0.000651108,0.0053152,2760.72,0.000413132,0.00552324,4004.05,0.00191988,0.00517695,3453.72,0.00147322,0.00210942,3183.09
0.00492587,0.00605227,20443.7,0.00467389,0.00600389,20217.5,0.00257111,0.00495553,4625.77,0.00221672,0.00219085,9389.28
0.000884604,0.00563186,1328.9,0.00130745,0.00576649,1729.54,0.00241806,0.00510867,924.91,0.00157706,0.00226928,941.873
0.000241999,0.00508116,1170.19,0.000390946,0.0054409,1357.25,0.00171743,0.00778503,419.111,0.00155665,0.00359479,468.153
0.00062727,0.00372562,1083.46,0.000740737,0.00397342,1222.0,0.00172956,0.00498491,612.047,0.00139934,0.00225473,601.83
0.00102279,0.00524945,3145.78,0.000505034,0.0053077,2622.71,0.00184482,0.00492734,1685.39,0.00153282,0.00222282,1242.39
0.000478592,0.00280561,2102.5,0.000277216,0.00285014,1130.95,0.00162636,0.00498594,99.161,0.00116756,0.002283,191.95
0.00591717,0.00570739,52413.8,0.00599432,0.0056514,53415.1,0.00368384,0.00514589,15156.3,0.00280899,0.00230851,24944.0
0.00290023,0.00569051,34891.1,0.00280451,0.00577269,37150.1,0.0,0.0,nan,0.0,0.0,nan
0.00102608,0.00558926,5026.89,0.000816982,0.00565637,6165.8,0.00211576,0.00670781,4508.63,0.00152513,0.00298555,2885.1
0.00280201,0.00577611,21976.6,0.00233368,0.00609358,21806.3,0.00171868,0.00647675,3381.7,0.00180158,0.00293036,7876.55
0.000323435,0.00552443,3301.74,0.000167592,0.00522435,3297.28,0.00218294,0.00459668,1197.59,0.00136838,0.00201266,1616.68
0.00363086,0.00586131,43693.5,0.0028777,0.00588116,45395.8,0.00197312,0.00493305,9625.85,0.00198652,0.0022791,18339.4
-8.46429e-05,0.00513821,861.015,-4.01592e-05,0.00524592,1030.2,0.00115441,0.00485404,515.891,0.00136771,0.00216686,547.968
0.000546629,0.00436654,7838.92,0.000556548,0.00481906,6480.54,0.00125787,0.00501738,311.268,0.00145107,0.00221095,1085.21
0.000627783,0.00519135,721.326,0.000435764,0.00558586,730.248,0.00245949,0.00542268,345.999,0.00128221,0.00218441,244.345
0.000373273,0.00549526,550.916,9.6733e-05,0.00567043,631.284,0.0016158,0.00510929,259.329,0.00148967,0.00217245,374.417
0.0014025,0.00523374,13728.6,0.00156451,0.0055597,15755.4,0.0,0.0,nan,0.0,0.0,nan
0.000576726,0.00513693,2788.77,0.000573308,0.00517232,2789.81,0.00291535,0.00638305,831.482,0.00141282,0.00274394,838.376
0.00306868,0.00549324,5851.95,0.00283977,0.00559917,4540.62,0.00298613,0.00521097,592.281,0.00168756,0.0021018,1126.48
0.00120683,0.0057015,8396.79,0.0011376,0.00563128,7423.87,0.00111546,0.00495527,366.491,0.00136567,0.00212284,1490.98
0.000474145,0.0051168,904.801,0.000544916,0.0051943,1034.85,0.00309428,0.00643286,884.125,0.00142495,0.00281152,470.988
0.000117681,0.0073858,3043.34,0.000334347,0.00735321,2391.55,0.00278854,0.00576778,153.778,0.0016987,0.00241771,475.259
0.000389356,0.00432771,4538.71,0.000734596,0.00468515,3983.0,0.00199159,0.00482306,610.724,0.00156737,0.00215833,1198.98
0.000843636,0.00536914,872.912,0.00110264,0.00566734,899.561,0.0,0.0,nan,0.0,0.0,nan
0.00108353,0.0043227,12512.1,0.000874207,0.00449178,12236.6,0.00181648,0.0049187,2009.82,0.00150014,0.00221724,4082.48
0.000553537,0.00539225,790.843,0.000651234,0.00551182,1020.94,0.00195631,0.00584123,652.731,0.00142201,0.0024318,507.498
0.00128754,0.00543591,3925.37,0.00119443,0.00554649,3624.28,0.00187202,0.00421276,536.673,0.00151888,0.00179185,1394.9
0.000475011,0.0053301,1608.96,0.000308268,0.00509078,1572.21,0.00185818,0.00446735,417.973,0.00152905,0.00188656,525.398
0.000125802,0.00414131,1240.03,-0.000257358,0.00453187,1402.21,0.0017034,0.00436435,803.663,0.0014164,0.00183363,509.524
0.000507892,0.00620165,1114.76,0.000672702,0.00672676,1041.64,0.00239689,0.00540846,240.805,0.00149356,0.00231902,508.56
0.000169231,0.00530412,2235.08,7.64014e-05,0.00536979,2445.92,0.0015763,0.00530133,1435.51,0.00132091,0.00211888,1288.83
3.57085e-05,0.00531111,1350.07,-9.50384e-05,0.00513077,637.588,0.00130982,0.00509979,235.091,0.00126548,0.00217117,230.103
-7.8792e-05,0.00667341,969.293,-1.70288e-05,0.00692056,717.162,0.00194249,0.00521244,214.065,0.00144278,0.00235233,335.776
0.00112229,0.0060576,5953.1,0.00134922,0.00638727,4148.64,0.0019935,0.00513261,401.758,0.0014805,0.00234858,767.815
0.000816316,0.00566197,11225.8,0.00100281,0.00560447,12023.1,0.00241591,0.00532909,8101.18,0.00142743,0.00222858,6551.28
0.000767957,0.00534431,704.829,0.00045427,0.00566422,578.264,0.00224939,0.00514613,501.523,0.00135592,0.00210227,331.086
0.000395918,0.00527599,769.619,0.000402471,0.00583549,634.549,0.00138317,0.00522705,295.94,0.00147567,0.00222097,388.531
0.000395626,0.00609571,2223.96,0.000539212,0.00622773,2179.28,0.00145883,0.00524739,263.955,0.00143731,0.00239937,793.698
0.0016976,0.00568583,4414.41,0.00168339,0.00552824,4412.86,0.00170723,0.00499263,454.69,0.00139675,0.00211706,1479.57
0.000827599,0.00554221,2250.06,0.000327404,0.00565921,1981.89,0.002129,0.00583048,147.099,0.0015581,0.00240816,404.513
0.000831743,0.00599026,9822.46,0.000894835,0.0064662,8926.49,0.00162508,0.00513609,919.438,0.0014914,0.00237025,3283.52
0.000694858,0.00542723,641.419,0.000338988,0.00539635,705.543,0.00214236,0.00532134,537.649,0.00131934,0.00214427,310.53
0.000442311,0.0055192,2364.55,0.000291012,0.00524975,3143.04,0.00162664,0.00523437,1670.66,0.00137427,0.00223178,1624.47
0.000352253,0.00590189,614.832,0.000687227,0.00551293,1181.35,0.00163297,0.0052774,861.095,0.00126457,0.00221773,501.989
0.000151352,0.00543678,1161.54,0.000244512,0.00540132,1670.18,0.00194198,0.00443859,1229.2,0.00145782,0.00191494,698.234
0.00286241,0.00631893,11471.2,0.00277252,0.00645892,10289.5,0.00159416,0.00494039,1026.52,0.00180723,0.00227625,3350.69
0.00139755,0.00574203,441.831,0.00111329,0.00568634,219.688,0.00253836,0.0047657,40.5349,0.00159329,0.00189829,73.1613
-5.06291e-05,0.00422812,1268.28,-0.000112847,0.00458015,1500.61,0.00151068,0.00443754,904.608,0.00124165,0.00187668,876.178
4.52902e-05,0.00586497,1646.95,0.000143045,0.00606421,1816.29,0.00172908,0.00493879,690.958,0.00137774,0.00226098,655.251
0.000279966,0.00431484,1276.21,-7.90056e-05,0.0046684,1445.05,0.00192092,0.00505364,842.965,0.00133204,0.00198504,598.902
0.000502381,0.00547239,1701.07,0.000620604,0.0056096,1655.5,0.00213159,0.00541718,1732.65,0.00150186,0.00225103,894.466
5.7794e-05,0.00476811,1184.09,-0.000251472,0.00470067,1468.81,0.00104745,0.0057124,1077.45,0.00147886,0.00233097,830.076
0.00104232,0.00558464,793.984,0.00110685,0.00568378,966.998,1.09491e-05,0.00248429,0.0,4.79065e-05,0.00156326,0.0
0.000215306,0.00539182,684.611,1.79544e-05,0.00539032,902.506,0.0022696,0.00566155,534.553,0.00134485,0.00225085,592.432
0.000765668,0.00555976,1361.11,0.00119402,0.00571424,1126.95,0.00181591,0.00545615,302.181,0.00130407,0.00238864,407.591
0.00116155,0.00556774,1207.81,0.0014139,0.00581386,1152.69,0.00304786,0.00551664,1006.98,0.00167344,0.00228063,572.104
0.000123987,0.00596018,670.351,9.76008e-05,0.00617296,465.79,0.00171007,0.00505147,84.7133,0.00137946,0.00230517,134.032
0.000588262,0.00535686,2604.93,0.000493497,0.00514573,3032.65,0.00149168,0.00538588,1712.55,0.00115823,0.00231503,1236.78
0.00116723,0.00734598,8016.18,0.000733912,0.00849307,7839.61,0.00214248,0.00501292,4012.72,0.00164369,0.00232533,4455.87
0.000751781,0.0054826,2642.2,-0.000317461,0.00528479,1053.16,0.00213984,0.0052192,168.939,0.00117561,0.00218012,226.743
0.000560734,0.00455114,837.911,0.000340795,0.00476911,699.937,0.00202635,0.00502268,627.862,0.00139949,0.00208536,459.333
0.000764119,0.00519315,4644.62,0.000872862,0.00555907,4290.78,0.00133534,0.00523153,376.913,0.00120009,0.00209061,1249.7
0.00120683,0.0056229,598.905,0.00112377,0.00571898,531.313,0.00226066,0.00512,217.009,0.00133571,0.00218744,277.776
0.000166035,0.0051867,646.453,0.000179443,0.00506938,744.692,0.00161488,0.00520964,363.203,0.00129031,0.00217233,403.766
0.00105328,0.00552384,1937.28,0.000767044,0.00564167,1256.46,0.0022563,0.00525343,1597.36,0.00134169,0.00211197,842.464
0.00405736,0.0055767,43412.0,0.00386431,0.00583289,40753.4,0.00287869,0.00638046,6122.08,0.00210958,0.00286698,14119.4
0.00153997,0.00577779,4196.25,0.00139086,0.00616825,3759.44,0.00221556,0.00542715,444.119,0.0016527,0.00240507,1297.58
8.52421e-05,0.00383362,1715.61,0.000282092,0.00407967,2188.3,0.00116961,0.00581669,1052.42,0.0016393,0.00235511,959.094
0.000695002,0.00584635,645.208,0.000255067,0.0061915,715.445,0.0326851,0.729273,2.17003,0.000858532,0.00848269,132.637
-0.00022404,0.00741358,1311.46,-0.000435392,0.0078246,1462.16,0.00156092,0.00497275,1607.9,0.00143196,0.00228494,1230.2
0.00166945,0.00542275,6010.18,0.0015855,0.00548997,5495.44,0.00169422,0.00514054,941.247,0.00156846,0.00214981,1957.92
0.000523647,0.005884,2953.72,0.000319118,0.00631196,3100.66,0.00225897,0.00490328,2326.43,0.00166967,0.00225656,1794.24
0.0016281,0.00601292,683.233,0.00131094,0.00666122,637.234,0.00193616,0.00472807,294.366,0.00174273,0.00205456,430.473
0.000321489,0.00510794,1255.56,0.000223749,0.00530729,1156.25,0.0,0.0,nan,0.0,0.0,nan
0.000450554,0.00750337,657.881,7.0735e-05,0.00839278,501.954,0.00226007,0.00663904,151.074,0.00133365,0.00274593,175.897
0.00167623,0.00649123,4239.76,0.00166025,0.00678235,4696.96,0.0028744,0.00503102,1625.37,0.00189134,0.00219683,2490.42
0.00172478,0.00578896,4891.98,0.00174905,0.00596985,4391.15,0.00189523,0.00449681,473.923,0.00147775,0.00194359,1241.83
0.000776066,0.00754121,1057.29,0.000499469,0.00845529,914.826,0.00177576,0.0045104,157.918,0.0013934,0.00192442,432.215
-1.50541e-05,0.00512915,2185.91,0.000222396,0.00532396,2673.52,0.00226516,0.00505849,3434.38,0.00132511,0.00207345,1640.22
0.000365155,0.00447959,2561.23,0.000373578,0.00431545,2529.68,0.00159512,0.00519386,1173.72,0.00154438,0.00206565,880.207
0.00025446,0.0070867,810.495,-0.000125845,0.0078967,637.366,0.00179738,0.0043489,656.884,0.00135978,0.00188736,575.043
0.000409674,0.00762489,1121.72,-5.59812e-05,0.00792686,1313.25,0.00174441,0.00490883,1757.08,0.00141455,0.00216032,1225.14
0.00239471,0.00734487,4724.66,0.00240868,0.0082697,4374.46,0.00244271,0.00468481,1269.62,0.00199963,0.00204095,2534.22
-3.64298e-05,0.0072474,611.42,0.000343802,0.00839699,564.622,0.00147079,0.0045404,317.294,0.00145494,0.00193357,507.922
0.000605117,0.00532071,675.519,0.000455572,0.00538467,553.067,0.00164846,0.00511976,515.029,0.00129805,0.00216584,278.214
0.0011452,0.00470853,3792.12,0.000758494,0.00500785,4627.47,0.00232418,0.00519966,2271.01,0.00153134,0.00217329,2641.13
0.000192,0.00708613,4326.8,0.000499144,0.00786023,3978.99,0.00150578,0.00737659,416.611,0.00134339,0.00331219,1464.74
0.000965315,0.0052867,4305.39,0.000771972,0.00528765,1717.33,0.00216718,0.00774326,286.266,0.00141404,0.0032455,350.677
0.000744578,0.0058012,1739.83,0.000810337,0.00562449,1124.5,0.00217156,0.00660885,253.225,0.00147293,0.00274396,307.268
0.00227953,0.00729724,1434.83,0.00265008,0.00830567,1055.8,0.00380437,0.00447416,1243.43,0.00216421,0.00189748,920.617
0.00205931,0.00697895,2135.82,0.00206473,0.00816701,1735.95,0.00205131,0.00738223,163.554,0.00167314,0.00333755,631.553
0.000230709,0.00549638,696.586,1.5632e-07,0.00586769,865.398,0.001343,0.00476983,484.116,0.00136372,0.00211429,520.941
0.00067158,0.00801051,902.724,0.000924404,0.00907243,1134.17,0.00178014,0.00481192,1493.13,0.00144164,0.00217074,924.746
0.000652233,0.00718379,714.285,0.000958791,0.00875096,685.136,0.00214866,0.00433741,662.726,0.00164823,0.00186395,446.497
0.000316267,0.00737888,861.387,-0.000204648,0.00788116,923.425,0.00188553,0.00496647,1641.13,0.00141304,0.00215139,906.993
0.000138795,0.00607711,1572.37,0.000240182,0.00627779,1572.98,0.001201,0.00500887,719.748,0.00122748,0.00217373,929.304
0.0011336,0.00730065,3493.34,0.00116722,0.00820846,2730.84,0.00182639,0.00547921,326.132,0.00150662,0.00217965,1174.22
0.00291697,0.00803394,4609.01,0.00214638,0.00741661,4295.91,0.00220954,0.00476554,474.169,0.00161338,0.00213158,1290.0
0.00291049,0.0060386,3956.38,0.00235022,0.00611091,3728.12,0.00241806,0.00488945,388.548,0.00167241,0.00216283,1082.76
0.00263793,0.00605477,1027.18,0.00309729,0.00626685,975.728,0.00175704,0.00490184,341.855,0.00209812,0.00222684,524.478
0.000800159,0.00640168,1866.32,0.000443809,0.00636893,1789.22,0.00198841,0.00488221,215.124,0.00152714,0.0021208,648.668
0.000160494,0.00544894,983.483,-1.91297e-05,0.00574659,1075.9,0.00145235,0.00496795,744.185,0.00150779,0.00212647,673.318
0.00324021,0.00570619,1860.09,0.00325136,0.00594767,1891.41,0.0026062,0.00524118,539.473,0.00212944,0.00220945,946.179
0.00420532,0.00608063,24096.1,0.00408464,0.00662726,22053.1,0.00202788,0.00634112,2455.26,0.00223777,0.00293337,7684.41
0.00113783,0.00588563,5608.46,0.00100383,0.00622907,6306.19,0.00224239,0.00543917,4781.53,0.00165932,0.00235687,3654.11
1.39958e-05,0.00532388,855.742,0.0002097,0.00574013,660.477,0.00220107,0.00483721,644.829,0.00141132,0.00213591,417.979
0.000654176,0.0053126,4141.21,0.000183173,0.00527002,4264.94,0.00194501,0.00488011,1257.41,0.00136646,0.00210882,1919.75
0.00172491,0.00409287,14361.6,0.00127164,0.00394097,12948.9,0.00145602,0.00506123,729.733,0.00135345,0.00219628,2151.35
0.000343608,0.00564522,1365.74,7.39127e-05,0.006313,1318.16,0.00189506,0.0059557,535.427,0.00154534,0.00254393,449.767
0.00026739,0.00513295,735.079,0.000296235,0.00503702,939.789,0.00122249,0.0054155,331.949,0.00121173,0.00234986,434.45
0.000126815,0.005782,615.859,0.000302081,0.00590036,768.719,0.00217466,0.00481007,880.776,0.00132075,0.0018019,619.7
0.000907227,0.00569069,1186.73,0.000943803,0.00568999,757.834,0.00210871,0.00461066,588.318,0.00144568,0.001973,421.331
4.07255e-05,0.00543899,961.744,-0.000266403,0.00579184,1045.86,0.0020539,0.00493452,709.732,0.00126832,0.00211621,477.269
0.000549865,0.00546639,2844.07,0.000351044,0.00591623,2124.12,0.00194975,0.00509407,2642.83,0.00133281,0.00220235,1356.11
0.000210459,0.00509279,968.604,6.10407e-05,0.00550108,916.903,0.00202031,0.00512773,400.175,0.00115023,0.00207014,495.529
2.76419e-05,0.00592512,563.09,-0.000168637,0.00602352,658.401,0.00158113,0.0051565,518.801,0.00134148,0.00214175,443.706
0.000617962,0.00559799,1047.4,0.000584716,0.0060338,1066.19,0.00163729,0.00515077,495.7,0.00144955,0.00222043,494.114
0.00174039,0.00578743,898.523,0.00146669,0.00618355,905.213,0.00223754,0.0048182,381.209,0.0021204,0.00231395,463.662
0.000825616,0.00596964,1900.67,0.000689074,0.00655167,1912.24,0.00282725,0.00678725,773.144,0.0014979,0.00279564,973.552
0.000850282,0.00577452,3180.64,0.000945846,0.00619798,2852.24,0.00149307,0.00504446,787.953,0.00156827,0.00217383,1230.89
0.000462688,0.00562919,658.992,0.000506565,0.00587287,772.041,0.00255472,0.00533273,608.224,0.00147465,0.00220866,466.568
0.000903725,0.00617304,2479.16,0.000805375,0.00655789,2205.57,0.00188779,0.0401718,0.0,0.000599603,0.0151759,0.0
-0.000179017,0.00769909,491.357,0.000160575,0.0085278,615.251,0.00168948,0.00441953,995.396,0.00156491,0.0018699,645.145
0.000418531,0.00546908,707.742,0.000525129,0.00546582,860.877,0.00217338,0.00464473,494.53,0.00155335,0.00195583,511.041
0.000691987,0.00532724,1749.13,0.000558982,0.00531199,1889.44,0.00111743,0.00534823,761.541,0.00138623,0.00214812,961.309
0.00327925,0.00464883,24456.1,0.00324418,0.00524773,21762.9,0.00205918,0.0049121,3828.66,0.0017528,0.0021863,8963.13
0.00100403,0.00539773,2412.35,0.00112624,0.00584885,3031.49,0.00153147,0.00787158,163.583,0.00119587,0.0035879,882.649
0.000910151,0.0062666,621.134,0.000248019,0.00633342,557.3,0.00175093,0.00489329,561.146,0.00164868,0.00188343,410.702
